comment Created by Blender 2.80 (sub 41) - www.blender.org, source file: 'l2.blend'
NumPanels: 9
-3.535866 12.340755 10.000910 0.000000 0.707107 0.707107 0.000000 0.707107 -0.707107 -1.000000 0.000000 0.000000 5.000000 5.000000 5.000000
-12.071556 4.447527 2.501053 0.000000 1.000000 -0.000000 -0.866025 0.000000 -0.500000 -0.500000 0.000000 0.866025 5.000000 5.000000 5.000000
-17.073063 8.842530 15.001903 0.999995 0.000000 0.003133 0.003133 -0.000000 -0.999995 -0.000000 1.000000 -0.000000 10.000001 10.000001 10.000001
-28.064039 -4.234866 19.357149 0.002319 -0.006931 -0.999973 0.006701 0.999954 -0.006916 0.999975 -0.006685 0.002365 4.192755 4.192755 4.192755
-23.871284 -0.042110 19.357149 0.002319 0.999973 -0.006931 0.006701 0.006916 0.999954 0.999975 -0.002365 -0.006685 4.192755 4.192755 4.192755
-19.678530 -4.234866 19.357149 0.002319 0.006931 0.999973 0.006701 -0.999954 0.006916 0.999975 0.006685 -0.002365 4.192755 4.192755 4.192755
-23.871284 -8.427621 19.357149 0.002319 -0.999973 0.006931 0.006701 -0.006916 -0.999954 0.999975 0.002365 0.006685 4.192755 4.192755 4.192755
-23.871284 -4.234866 15.164394 0.999973 0.006931 -0.002319 0.006916 -0.999954 -0.006701 -0.002365 0.006685 -0.999975 4.192755 4.192755 4.192755
-23.871284 -4.234866 23.549904 -0.999973 0.006931 0.002319 -0.006916 -0.999954 0.006701 0.002365 0.006685 0.999975 4.192755 4.192755 4.192755
DONE
