comment Created by Blender 2.80 (sub 41) - www.blender.org, source file: 'Level.blend'
NumPanels: 24
16.430 6.407 6.833 0.000 0.000 1.000 1.000 0.000 0.000 0.000 1.000 0.000
13.128 6.407 19.734 0.000 -1.000 0.000 1.000 0.000 -0.000 0.000 0.000 1.000
9.826 6.407 6.833 0.000 0.000 -1.000 1.000 0.000 0.000 0.000 -1.000 0.000
13.128 6.407 -6.067 0.000 1.000 0.000 1.000 0.000 0.000 0.000 0.000 -1.000
13.128 -0.002 6.833 -1.000 0.000 -0.000 0.000 0.000 -1.000 0.000 -1.000 -0.000
13.128 12.816 6.833 1.000 0.000 -0.000 0.000 0.000 1.000 0.000 -1.000 0.000
15.346 9.945 -17.334 -0.981 -0.000 0.193 0.151 0.623 0.768 -0.120 0.783 -0.611
14.709 15.441 -5.222 -0.981 -0.193 -0.000 0.151 -0.768 0.623 -0.120 0.611 0.783
14.072 4.874 -13.301 -0.981 0.000 -0.193 0.151 -0.623 -0.768 -0.120 -0.783 0.611
14.709 -0.622 -25.413 -0.981 0.193 0.000 0.151 0.768 -0.623 -0.120 -0.611 -0.783
15.877 7.230 -15.175 -0.193 0.000 0.981 -0.768 -0.623 -0.151 0.611 -0.783 0.120
13.542 7.589 -15.460 0.193 0.000 -0.981 0.768 -0.623 0.151 -0.611 -0.783 -0.120
1.000 2.476 6.618 0.000 0.000 1.000 1.000 0.000 0.000 0.000 1.000 0.000
-0.000 2.476 7.618 0.000 -1.000 0.000 1.000 0.000 -0.000 0.000 0.000 1.000
-1.000 2.476 6.618 0.000 0.000 -1.000 1.000 0.000 0.000 0.000 -1.000 0.000
-0.000 2.476 5.618 0.000 1.000 0.000 1.000 0.000 0.000 0.000 0.000 -1.000
-0.000 1.476 6.618 -1.000 0.000 -0.000 0.000 0.000 -1.000 0.000 -1.000 -0.000
-0.000 3.476 6.618 1.000 0.000 -0.000 0.000 0.000 1.000 0.000 -1.000 0.000
5.047 3.666 3.095 0.000 0.000 1.000 1.000 0.000 0.000 0.000 1.000 0.000
4.047 3.666 4.095 0.000 -1.000 0.000 1.000 0.000 -0.000 0.000 0.000 1.000
3.047 3.666 3.095 0.000 0.000 -1.000 1.000 0.000 0.000 0.000 -1.000 0.000
4.047 3.666 2.095 0.000 1.000 0.000 1.000 0.000 0.000 0.000 0.000 -1.000
4.047 2.666 3.095 -1.000 0.000 -0.000 0.000 0.000 -1.000 0.000 -1.000 -0.000
4.047 4.666 3.095 1.000 0.000 -0.000 0.000 0.000 1.000 0.000 -1.000 0.000
DONE
